7 5 5
10656 13275 18117 20664 5860
hub : 481012, 3185, -1209, 45.65, 202500, 2
major : 809398, -473, 1111, 72.16, 242500, 2
major : 556326, 2923, 1481, 57.75, 159750, 1
regional : 905056, 138, 2075, 97.46, 125600, 1
regional : 134017, 1548, 235, 92.95, 199800, 2
business : 1163852024, 189, 1, [481012, 134017]
economy : 2280534280, 187, 3, [134017, 905056]
economy : 7095322315, 52, 0, [556326, 134017]
economy : 3341221943, 200, 1, [905056, 134017]
economy : 9537838346, 87, 10, [809398, 556326]










